rot:
  max: 121.61168940863479
  mean: 120.5907920305208
  median: 120.63352078888767
  min: 119.30066866268074
  num_samples: 2759
  rmse: 120.59106871947928
  std: 0.2583260688592436
scale:
  max: 3.852133418595738
  mean: 1.3531353750317086
  median: 1.3239831580988515
  min: 0.006974702633488761
  num_samples: 2759
  rmse: 1.5266531745827612
  std: 0.7068907781980327
trans:
  max: 0.5207469484121836
  mean: 0.29476220871319364
  median: 0.2739006727788333
  min: 0.01764892831667223
  num_samples: 2759
  rmse: 0.31737471546734225
  std: 0.11765181822860268
