rot:
  max: 120.59106871947928
  mean: 120.59106871947928
  median: 120.59106871947928
  min: 120.59106871947928
  num_samples: 1
  rmse: 120.59106871947928
  std: 0.0
scale:
  max: 1.5266531745827612
  mean: 1.5266531745827612
  median: 1.5266531745827612
  min: 1.5266531745827612
  num_samples: 1
  rmse: 1.5266531745827612
  std: 0.0
trans:
  max: 0.31737471546734225
  mean: 0.31737471546734225
  median: 0.31737471546734225
  min: 0.31737471546734225
  num_samples: 1
  rmse: 0.31737471546734225
  std: 0.0
